ls
ls
ls
pwd
cd E:\Games
ls
cd /cygdrive/c/
ls
cd E:
ls
cd davis
ls
cat DavisAengwo_CV.docx
64;1;2;4;6;9;11;15;21;22;28;29c64;1;2;4;6;9;11;15;21;22;28;29c64;1;2;4;6;9;11;15;21;22;28;29c64;1;2;4;6;9;11;15;21;22;28;29c64;1;2;4;6;9;11;15;21;22;28;29c64;1;2;4;6;9;11;15;21;22;28;29c64;1;2;4;6;9;11;15;21;22;28;29c64;1;2;4;6;9;11;15;21;22;28;29c64;1;2;4;6;9;11;15;21;22;28;29c64;1;2;4;6;9;11;15;21;22;28;29c64;1;2;4;6;9;11;15;21;22;28;29c64;1;2;4;6;9;11;15;21;22;28;29c64;1;2;4;6;9;11;15;21;22;28;29c64;1;2;4;6;9;11;15;21;22;28;29c64;1;2;4;6;9;11;15;21;22;28;29c64;1;2;4;6;9;11;15;21;22;28;29c64;1;2;4;6;9;11;15;21;22;28;29c64;1;2;4;6;9;11;15;21;22;28;29c64;1;2;4;6;9;11;15;21;22;28;29c64;1;2;4;6;9;11;15;21;22;28;29c64;1;2;4;6;9;11;15;21;22;28;29c64;1;2;4;6;9;11;15;21;22;28;29c64;1;2;4;6;9;11;15;21;22;28;29c64;1;2;4;6;9;11;15;21;22;28;29c64;1;2;4;6;9;11;15;21;22;28;29c64;1;2;4;6;9;11;15;21;22;28;29c64;1;2;4;6;9;11;15;21;22;28;29c64;1;2;4;6;9;11;15;21;22;28;29c64;1;2;4;6;9;11;15;21;22;28;29c64;1;2;4;6;9;11;15;21;22;28;29c64;1;2;4;6;9;11;15;21;22;28;29c64;1;2;4;6;9;11;15;21;22;28;29c64;1;2;4;6;9;11;15;21;22;28;29c64;1;2;4;6;9;11;15;21;22;28;29c64;1;2;4;6;9;11;15;21;22;28;29c64;1;2;4;6;9;11;15;21;22;28;29c64;1;2;4;6;9;11;15;21;22;28;29c64;1;2;4;6;9;11;15;21;22;28;29c64;1;2;4;6;9;11;15;21;22;28;29c64;1;2;4;6;9;11;15;21;22;28;29c64;1;2;4;6;9;11;15;21;22;28;29c64;1;2;4;6;9;11;15;21;22;28;29c64;1;2;4;6;9;11;15;21;22;28;29c64;1;2;4;6;9;11;15;21;22;28;29c64;1;2;4;6;9;11;15;21;22;28;29c64;1;2;4;6;9;11;15;21;22;28;29c64;1;2;4;6;9;11;15;21;22;28;29c64;1;2;4;6;9;11;15;21;22;28;29c64;1;2;4;6;9;11;15;21;22;28;29c64;1;2;4;6;9;11;15;21;22;28;29c64;1;2;4;6;9;11;15;21;22;28;29c64;1;2;4;6;9;11;15;21;22;28;29c64;1;2;4;6;9;11;15;21;22;28;29c64;1;2;4;6;9;11;15;21;22;28;29c64;1;2;4;6;9;11;15;21;22;28;29c64;1;2;4;6;9;11;15;21;22;28;29c64;1;2;4;6;9;11;15;21;22;28;29c64;1;2;4;6;9;11;15;21;22;28;29c64;1;2;4;6;9;11;15;21;22;28;29c64;1;2;4;6;9;11;15;21;22;28;29c64;1;2;4;6;9;11;15;21;22;28;29c64;1;2;4;6;9;11;15;21;22;28;29c64;1;2;4;6;9;11;15;21;22;28;29c64;1;2;4;6;9;11;15;21;22;28;29c64;1;2;4;6;9;11;15;21;22;28;29c64;1;2;4;6;9;11;15;21;22;28;29c64;1;2;4;6;9;11;15;21;22;28;29c64;1;2;4;6;9;11;15;21;22;28;29c64;1;2;4;6;9;11;15;21;22;28;29c64;1;2;4;6;9;11;15;21;22;28;29c64;1;2;4;6;9;11;15;21;22;28;29c64;1;2;4;6;9;11;15;21;22;28;29c64;1;2;4;6;9;11;15;21;22;28;29c64;1;2;4;6;9;11;15;21;22;28;29c64;1;2;4;6;9;11;15;21;22;28;29c64;1;2;4;6;9;11;15;21;22;28;29c64;1;2;4;6;9;11;15;21;22;28;29c64;1;2;4;6;9;11;15;21;22;28;29c64;1;2;4;6;9;11;15;21;22;28;29c64;1;2;4;6;9;11;15;21;22;28;29c64;1;2;4;6;9;11;15;21;22;28;29c64;1;2;4;6;9;11;15;21;22;28;29c64;1;2;4;6;9;11;15;21;22;28;29c64;1;2;4;6;9;11;15;21;22;28;29c64;1;2;4;6;9;11;15;21;22;28;29c64;1;2;4;6;9;11;15;21;22;28;29c64;1;2;4;6;9;11;15;21;22;28;29c64;1;2;4;6;9;11;15;21;22;28;29c
   
ls
cat Davis Control Assignment
cat DAVIS CONTROL ASSIGNMENT.docx
cat 'DAVIS CONTROL ASSIGNMENT.docx'
64;1;2;4;6;9;11;15;21;22;28;29c64;1;2;4;6;9;11;15;21;22;28;29c64;1;2;4;6;9;11;15;21;22;28;29c64;1;2;4;6;9;11;15;21;22;28;29c
touch bashmojo.txt
touch doc.docx
mkdir experiment
mv bashmojo experiment
mv bashmojo.txt experiment
experiment/basmojo.txt
experiment/bashmojo.txt
experiment/bashmojo.txt
experiment/bashmojo.txt .
rm experiment
rm bashmojo.txt
/cygdrive/e/davis/experiment
/cygdrive/e/davis/experiment
cd /cygdrive/e/davis/experiment
rm bashmojo.txt
cd /cygdrive/c/downloads
cd ..
cd ..
cd..
cd ..
cygdrive/c/downloads/telegram desktop
cd cygdrive/c/
cd cygdrive/c
cd c
cd downloads/telegram desktop
ls
cd ..
cd downloads
cd c
cd downloads
cd /cygdrive/c/Users/user/Downloads
ls
cd 'Telegram Desktop'
ls
rm  'Mythic Quest [RB] S01E01 (2020) 720¶ @Tvseriez .mkv'
git --version
